가방
3, 12, 44, 88, 309, 541, 543, 556, 649, 734, 
773, 803, 1005, 1024, 1146, 1214, 1410, 1473, 1578, 1848, 
2015, 2035, 2223, 2306, 2323, 2331, 2437, 2498, 2676, 2692, 
2941, 2973, 3202, 3198, 3237, 3247, 3248, 3253, 3421, 3546, 
3608, 3619, 3622, 3710, 3827, 3872, 3884, 3980, 4070, 24434, 
4372, 4385, 4409, 4432, 4440, 4625, 4929, 5447, 5532, 5560, 
5591, 5597, 5675, 5881, 6107, 6237, 6387, 6514, 6629, 6727, 
6767, 6914, 6947, 6995, 7269, 7340, 7373, 7429, 7478, 7547, 
7739, 8033, 8075, 8111, 8123, 8599, 8727, 8974, 8989, 8996, 
9003, 9058, 9352, 9372, 9548, 9634, 9810, 9973, 9980, 10024,

10098, 10193, 10231, 10453, 10700, 10722, 10784, 10879, 
11073, 11092, 11285, 11292, 11295, 
11458, 11679, 11869, 12286, 12353, 12445,

13020, 13093, 13875, 14387, 14395, 15507, 15933, 16419, 16513, 16671, 
16756, 17283, 17317, 18100, 18211, 18256, 18319, 18577, 18618, 18747, 
18906, 19080, 19280, 19289, 19346, 19557, 19568, 19663, 19690, 19842, 
19866, 19923, 20117, 20322, 20416, 20418, 20429, 20486, 20542, 20641, 
20879, 20888, 20911, 20930, 20933, 20935, 21147, 21434, 21455, 21482, 
21488, 21509, 21710, 22364, 22461, 22514, 22630, 23349, 23393, 23507, 
23585, 24047, 24130, 24146, 1239, 1336, 1379, 3564, 3923, 12411, 

신발
13, 21, 125, 133, 152, 274, 318, 408, 592, 604, 
760, 769, 833, 850, 869, 883, 887, 901, 9162, 24915, 
1042, 24840, 1271, 1276, 24596, 24417, 1453, 1533, 1550, 24205, 
23863, 1630, 1798, 1803, 1836, 1856, 2403, 2436, 2580, 2701, 
2795, 2989, 23629, 3073, 3077, 3140, 23494, 3322, 3328, 3349, 
23487, 3702, 3786, 3893, 3906, 3909, 23300, 4000, 4010, 4085, 
4143, 23004, 4266, 4267, 4319, 4321, 4375, 4607, 4631, 4695,
4726, 5362, 5392, 5429, 5741, 5925, 6046, 6151, 6214, 6822,
6964, 7162, 7247, 7384, 7428, 7647, 7648, 7867, 8016, 8073,
8113, 8211, 8361, 8460, 8475, 8597, 8609, 8783, 8859, 8880,

9246, 9326, 9385, 9588, 9724, 9744, 9762, 9994, 10101, 10229, 
10649, 10681, 10682, 10883, 10889, 10918, 10948, 12021, 12056, 12170, 
12553, 12644, 12841, 12995, 13397, 13470, 13662, 13717, 13840, 13976, 
14000, 14072, 14201, 14205, 14227, 14473, 14529, 14586, 14722, 14889, 
14968, 15047, 15163, 15194, 15245, 15360, 15681, 15795, 16144, 16368, 
16369, 16422, 16485, 16523, 16543, 16546, 16598, 16795, 16814, 16988, 
17062, 17075, 17086, 17130, 17202, 17353, 17539, 17577, 17804, 17806, 
17872, 18416, 18820, 19413, 19710, 19849, 19851, 19901, 19904, 20126, 
20161, 20274, 20304, 20309, 20374, 21128, 21590, 21626, 21845, 21948, 
21993, 22028, 22433, 22504, 22582, 22916, 


아우터
14, 137, 230, 561, 788, 832, 917, 1048, 2279, 2490, 
3312, 3460, 3603, 4285, 4378, 4748, 4795, 6502, 6863, 7105, 
7156, 7177, 7217, 7531, 7604, 8365, 8778, 9114, 10126, 11544, 
11765, 11806, 12830, 13187, 13233, 13303, 13453, 13785, 14037, 14647, 
15366, 15423, 15654, 15684, 15977, 16181, 16188, 16191, 16192, 16272, 
16293, 16425, 16443, 16526, 17285, 17310, 17313, 17859, 20050, 20212, 
21944, 23305, 23916, 

후드티
597, 438, 930, 945, 1269, 1455, 1549, 2003, 2174, 2344, 
2764, 3292, 3561, 3738, 3790, 4003, 4068, 4485, 4992, 5071, 
5440, 5470, 5603, 5647, 8045, 8046, 8433, 8869, 10118, 10529, 
11303, 11979, 12047, 13290, 13950, 15425, 15732, 16212, 18246, 18698,
18941, 19023, 19056, 19123, 19563, 20436, 21881, 22044, 22473, 22499, 
22684, 23088, 23645, 24685, 24964, 20739, 

긴바지
168, 172, 183, 225, 823, 880, 1141, 1396, 1697, 1742,
1763, 1817, 1929, 2021, 2055, 3201, 3330, 3487, 3515, 3604, 
3963, 4191, 4327, 4600, 5012, 5286, 5341, 5439, 5662, 5959, 
6101, 6110, 6406, 6472, 7374, 7422, 7913, 7938, 8048, 8308, 
8368, 9044, 9147, 9298, 9380, 9865, 10186, 10469, 10625, 23949, 
10727, 10808, 11191, 11459, 11518, 11624, 11914, 12084, 11271, 
13369, 13444, 13732, 13874, 14156, 14162, 14271, 14464, 14507, 14819, 
15287, 15691, 16079, 16162, 16178, 16179, 16180, 16182, 16220, 16306, 
16445, 16627, 16675, 16695, 17159, 17204, 17535, 18064, 19159, 19601, 
20221, 20867, 20998, 21709, 22181, 22318, 22330, 22428, 22616, 23915, 



긴팔+맨투맨
134, 241, 577, 716, 902, 1461, 1730, 1784, 1868, 2574, 
4249, 4302, 4377, 4579, 4703, 5442, 5577, 5598, 5653, 6055, 
7011, 7327, 7694, 8103, 8454, 8463, 8755, 8793, 8804, 8805, 
10224, 10480, 10546, 10559, 11051, 11053, 11245, 11489, 12181, 10121, 
12298, 12627, 12929, 13074, 13272, 13414, 13498, 14368, 14506, 24240, 
14762, 14806, 14964, 15092, 15136, 15160, 15168, 15285, 15313, 15452, 
15539, 15554, 15802, 15893, 15922, 15994, 16064, 16198, 16204, 16208, 
16209, 16263, 16845, 16941, 17055, 17156, 17339, 17545, 17955, 18399, 
18968, 19273, 20044, 20146, 20415, 20715, 21688, 22084, 22138, 22144, 
22360, 22381, 22456, 22703, 23011, 23012, 23438, 23497, 23809, 23812, 



손목시계
3883, 4771, 5188, 5834, 5944, 6182, 6240, 6830, 7059, 7870, 
8841, 9922, 10124, 10278, 10549, 10810, 11676, 11899, 12318, 12374, 
13230, 13512, 14025, 14401, 14881, 15041, 15110, 15435, 16463, 16800, 
17826, 18122, 18673, 20507, 20962, 21822, 24200, 

캡모자
847, 873, 1149, 2183, 4769, 5414, 6368, 6652, 6968, 7924,
8377, 9416, 9578, 9771, 9909, 10390, 10438, 10534, 10785, 11808, 
12062, 12464, 12846, 12896, 12996, 13145, 13400, 14300, 15059, 15789, 
16053, 16878, 17162, 17613, 18182, 18213, 18585, 18905, 19069, 21416, 
21898, 24514, 24752, 

셔츠
853, 1659, 2389, 2847, 2961, 4282, 5328, 5934, 5968, 6825, 
7338, 8691, 8715, 9825, 9864, 10949, 10975, 11970, 12091, 13127, 
15919, 16862, 16986, 19214, 21769, 23201, 

반팔 티셔츠
281, 1188, 2587, 6759, 7805, 9556, 9911, 10562, 10654, 11300, 
12606, 12795, 12931, 13280, 13731, 13833, 14168, 15070, 15466, 15597, 
15682, 15727, 15968, 16168, 16885, 17341, 18385, 18701, 18793, 19153, 
19327, 19506, 20101, 21992, 238484, 24377, 

반바지
381, 1423, 2038, 2236, 3771, 8269, 8563, 9799, 12525, 12797, 
13228, 14713, 16478, 17255, 

치마
330, 3866, 6004, 7400, 9701, 20076, 22764, 23376, 24985, 

코트
212, 1700, 2946, 6380, 8338, 10046, 13083, 15114, 18026, 19237, 
21902, 23078, 23280, 23545, 23996, 



image: dcr.danawa.io/alpine-k8s-java:8

stages:
- build
- deploy

build-dev:
  stage: build
  when: manual
  script:
    - git clone https://gitlab.danawa.com/ojt-project/image.git
    - cd image
    - cd flask
    - docker build -t ${CI_REGISTRY}/${CI_REGISTRY_IMAGE}:latest . --no-cache
    - docker tag ${CI_REGISTRY}/${CI_REGISTRY_IMAGE}:latest ${CI_REGISTRY}/${CI_REGISTRY_IMAGE}:`cat version`
    - docker push ${CI_REGISTRY}/${CI_REGISTRY_IMAGE}:latest
    - docker push ${CI_REGISTRY}/${CI_REGISTRY_IMAGE}:`cat version`

deploy-dev:
  stage: deploy
  when: manual
  script:
    - echo curl -H "x-auth-token=${DEV_SERVER_TOKEN}" -XPUT ${DEV_SERVER_URL}
    - curl -H "x-auth-token=${DEV_SERVER_TOKEN}" -XPUT ${DEV_SERVER_URL}



